VERS=08.07
DATETIME=02.08.2013 18:09:09
RAW=F:\KUBINKA_2013\_RAW_X\03_06_13_RGG_X\03 06 13  18.59.00 X (VV).RGG.RAW
IMG=_030613_185900X(VV)
PULSES=-1 165562
STROBE=100 11008
V_VECT=2287 6375 3207 75.0 5.9 
BOARD=RIGHT
POLAR=VV
LAMBDA=0.03510
TAU_IMP=10.0
RAW_DX=0.052
H=3207
V=107.724
AZIM=109.39 112.22
K_P_N=1 8
SPACE_X=0.5000
SPACE_Y=0.5000
AMP1M=797.2196
RESOL=0.58 
CSA_SET=1 0 3.000 Isc:1 Ird:0 Icsa:0
REGIM_FILT=1.00 1.00 
REGIM_PRF=1 0 4 
NAV=1
T_SQ=0
MDF=[0] 0 0.30 
POWER=150.000 50.000
GND_HEIGHT=150.0 
SQUINT=2.67
APERT1=1322 8 0.000214
APERT2=3685 8 0.000077
SUB_FREQ=-0.1390
IMG_FRAGM=1842 168492
LAMFI_SNF=40.9293671 57.0889435 40.8994827 57.0420876
LAMFI_ENF=41.0624809 57.0599403 41.0326195 57.0131149
HYPERB=0.499
